["N:", 4, " spsaiter:", 1][190.2, 190.2, 97.7, 380.4, 195.4, 20, 20]

["N:", 4, " spsaiter:", 3][132.70000000000002, 398.1, 169.5, 796.2, 339.0, 20, 20]

["N:", 4, " spsaiter:", 5][111.35999999999999, 556.8, 356.6, 1113.6, 713.2, 20, 20]

["N:", 4, " spsaiter:", 7][83.74285714285715, 586.2, 239.7, 1172.4, 479.4, 20, 20]

["N:", 4, " spsaiter:", 9][95.04444444444444, 855.4, 357.8, 1710.8, 715.6, 20, 20]

["N:", 4, " spsaiter:", 11][89.60000000000001, 985.6, 333.1, 1971.2, 666.2, 20, 20]

["N:", 4, " spsaiter:", 13][87.04615384615384, 1131.6, 617.2, 2263.2, 1234.4, 20, 20]

["N:", 4, " spsaiter:", 15][71.7, 1075.5, 420.4, 2151.0, 840.8, 20, 20]

["N:", 4, " spsaiter:", 17][80.3529411764706, 1366.0, 618.7, 2732.0, 1237.4, 20, 20]

Lowest Budget: [4, 1, 190.2, 190.2, 97.7, 380.4, 195.4, 20, 20]

Python: [[4, 1, 190.2, 190.2, 97.7, 380.4, 195.4, 20, 20], [4, 3, 132.70000000000002, 398.1, 169.5, 796.2, 339.0, 20, 20], [4, 5, 111.35999999999999, 556.8, 356.6, 1113.6, 713.2, 20, 20], [4, 7, 83.74285714285715, 586.2, 239.7, 1172.4, 479.4, 20, 20], [4, 9, 95.04444444444444, 855.4, 357.8, 1710.8, 715.6, 20, 20], [4, 11, 89.60000000000001, 985.6, 333.1, 1971.2, 666.2, 20, 20], [4, 13, 87.04615384615384, 1131.6, 617.2, 2263.2, 1234.4, 20, 20], [4, 15, 71.7, 1075.5, 420.4, 2151.0, 840.8, 20, 20], [4, 17, 80.3529411764706, 1366.0, 618.7, 2732.0, 1237.4, 20, 20]]

Iteration list: [[286, 246, 105, 171, 437, 83, 344, 100, 326, 217, 270, 84, 138, 98, 146, 99, 177, 165, 208, 105], [253, 112, 139, 79, 90, 164, 76, 83, 112, 194, 102, 108, 241, 80, 216, 81, 186, 78, 100, 160], [84, 62, 85, 76, 113, 121, 49, 64, 385, 196, 71, 69, 95, 73, 94, 140, 144, 84, 122, 100], [105, 66, 52, 104, 55, 47, 130, 50, 52, 99, 74, 107, 130, 88, 42, 62, 123, 81, 44, 164], [62, 108, 83, 175, 65, 102, 64, 150, 85, 158, 58, 61, 68, 71, 45, 120, 117, 171, 80, 58], [98, 143, 78, 123, 91, 134, 131, 41, 40, 130, 64, 104, 65, 75, 84, 92, 56, 100, 86, 57], [210, 39, 80, 49, 46, 86, 148, 64, 57, 39, 109, 96, 179, 34, 83, 46, 137, 68, 103, 68], [61, 66, 74, 147, 71, 63, 103, 45, 79, 73, 40, 101, 77, 125, 69, 33, 47, 61, 57, 42], [68, 105, 119, 53, 89, 148, 155, 78, 105, 97, 30, 49, 45, 59, 52, 71, 31, 45, 77, 131]]