["N:", 10, " spsaiter:", 1][0.0, 0.0, 0.0, 0.0, 0.0, 0, 1]

["N:", 10, " spsaiter:", 3][1374.0, 4122.0, 0.0, 8244.0, 0.0, 1, 1]

["N:", 10, " spsaiter:", 5][774.1600000000001, 3870.8, 1366.6, 7741.6, 2733.2, 13, 13]

["N:", 10, " spsaiter:", 7][736.0571428571428, 5152.4, 1924.3, 10304.8, 3848.6, 20, 20]

["N:", 10, " spsaiter:", 9][498.40000000000003, 4485.6, 1609.4, 8971.2, 3218.8, 20, 20]

["N:", 10, " spsaiter:", 11][353.3454545454546, 3886.8, 866.7, 7773.6, 1733.4, 20, 20]

["N:", 10, " spsaiter:", 13][323.4, 4204.2, 1152.3, 8408.4, 2304.6, 20, 20]

["N:", 10, " spsaiter:", 15][292.9, 4393.5, 1142.8, 8787.0, 2285.6, 20, 20]

["N:", 10, " spsaiter:", 17][252.3, 4289.1, 1035.3, 8578.2, 2070.6, 20, 20]

Lowest Budget: [10, 11, 353.3454545454546, 3886.8, 866.7, 7773.6, 1733.4, 20, 20]

Python: [[10, 1, 0.0, 0.0, 0.0, 0.0, 0.0, 0, 1], [10, 3, 1374.0, 4122.0, 0.0, 8244.0, 0.0, 1, 1], [10, 5, 774.1600000000001, 3870.8, 1366.6, 7741.6, 2733.2, 13, 13], [10, 7, 736.0571428571428, 5152.4, 1924.3, 10304.8, 3848.6, 20, 20], [10, 9, 498.40000000000003, 4485.6, 1609.4, 8971.2, 3218.8, 20, 20], [10, 11, 353.3454545454546, 3886.8, 866.7, 7773.6, 1733.4, 20, 20], [10, 13, 323.4, 4204.2, 1152.3, 8408.4, 2304.6, 20, 20], [10, 15, 292.9, 4393.5, 1142.8, 8787.0, 2285.6, 20, 20], [10, 17, 252.3, 4289.1, 1035.3, 8578.2, 2070.6, 20, 20]]

Iteration list: [[1500, 1500, 1500, 1500, 1500, 1500, 1500, 1500, 1500, 1500, 1500, 1500, 1500, 1500, 1500, 1500, 1500, 1500, 1500, 1500], [1500, 1500, 1500, 1500, 1500, 1500, 1500, 1500, 1374, 1500, 1500, 1500, 1500, 1500, 1500, 1500, 1500, 1500, 1500, 1500], [1500, 963, 1500, 1500, 1079, 1500, 997, 1500, 433, 609, 949, 1500, 491, 1500, 478, 464, 1094, 764, 1213, 530], [754, 711, 455, 783, 1052, 1169, 358, 1156, 772, 1154, 663, 672, 728, 570, 272, 459, 987, 354, 611, 1041], [458, 400, 775, 909, 411, 428, 655, 337, 303, 489, 332, 558, 334, 496, 760, 496, 564, 248, 717, 298], [365, 343, 484, 527, 263, 311, 418, 443, 301, 374, 365, 307, 455, 240, 274, 316, 379, 261, 379, 262], [342, 498, 424, 242, 408, 175, 292, 342, 463, 270, 275, 413, 424, 247, 242, 251, 389, 259, 234, 278], [283, 328, 165, 373, 339, 292, 230, 250, 314, 356, 287, 182, 451, 238, 432, 219, 322, 341, 266, 190], [190, 202, 226, 245, 213, 223, 283, 194, 291, 309, 276, 298, 250, 192, 433, 354, 246, 211, 200, 210]]