["N:", 6, " spsaiter:", 1][584.0, 584.0, 266.3, 1168.0, 532.6, 18, 18]

["N:", 6, " spsaiter:", 3][233.0666666666667, 699.2, 223.3, 1398.4, 446.6, 20, 20]

["N:", 6, " spsaiter:", 5][190.5, 952.5, 385.0, 1905.0, 770.0, 20, 20]

["N:", 6, " spsaiter:", 7][179.14285714285714, 1254.0, 329.8, 2508.0, 659.6, 20, 20]

["N:", 6, " spsaiter:", 9][159.35555555555555, 1434.2, 451.2, 2868.4, 902.4, 20, 20]

["N:", 6, " spsaiter:", 11][135.70000000000002, 1492.7, 528.3, 2985.4, 1056.6, 20, 20]

["N:", 6, " spsaiter:", 13][142.7, 1855.1, 501.1, 3710.2, 1002.2, 20, 20]

["N:", 6, " spsaiter:", 15][119.6, 1794.0, 484.5, 3588.0, 969.0, 20, 20]

["N:", 6, " spsaiter:", 17][139.1529411764706, 2365.6, 546.8, 4731.2, 1093.6, 20, 20]

Lowest Budget: [6, 3, 233.0666666666667, 699.2, 223.3, 1398.4, 446.6, 20, 20]

Python: [[6, 1, 584.0, 584.0, 266.3, 1168.0, 532.6, 18, 18], [6, 3, 233.0666666666667, 699.2, 223.3, 1398.4, 446.6, 20, 20], [6, 5, 190.5, 952.5, 385.0, 1905.0, 770.0, 20, 20], [6, 7, 179.14285714285714, 1254.0, 329.8, 2508.0, 659.6, 20, 20], [6, 9, 159.35555555555555, 1434.2, 451.2, 2868.4, 902.4, 20, 20], [6, 11, 135.70000000000002, 1492.7, 528.3, 2985.4, 1056.6, 20, 20], [6, 13, 142.7, 1855.1, 501.1, 3710.2, 1002.2, 20, 20], [6, 15, 119.6, 1794.0, 484.5, 3588.0, 969.0, 20, 20], [6, 17, 139.1529411764706, 2365.6, 546.8, 4731.2, 1093.6, 20, 20]]

Iteration list: [[754, 1038, 205, 684, 654, 1003, 498, 1500, 491, 370, 228, 1500, 874, 159, 381, 483, 379, 633, 721, 957], [292, 327, 210, 179, 450, 215, 220, 175, 157, 335, 194, 175, 241, 129, 201, 166, 254, 186, 275, 280], [260, 169, 356, 118, 313, 274, 133, 121, 142, 225, 165, 105, 152, 183, 116, 216, 341, 124, 167, 130], [88, 231, 229, 141, 153, 179, 228, 147, 122, 139, 144, 261, 238, 235, 140, 165, 142, 186, 183, 232], [226, 79, 144, 184, 112, 182, 150, 231, 183, 106, 143, 172, 185, 97, 107, 261, 141, 85, 202, 197], [130, 130, 174, 90, 108, 202, 228, 138, 95, 95, 99, 177, 211, 96, 231, 107, 116, 104, 89, 94], [162, 143, 150, 121, 131, 125, 244, 164, 144, 126, 171, 144, 118, 213, 97, 78, 127, 165, 151, 80], [108, 78, 90, 100, 156, 127, 145, 111, 75, 122, 120, 199, 105, 103, 100, 160, 159, 134, 66, 134], [121, 172, 154, 165, 99, 169, 139, 95, 125, 148, 99, 151, 191, 91, 126, 100, 206, 123, 154, 155]]