w["N:", 9, " spsaiter:", 1][0.0, 0.0, 0.0, 0.0, 0.0, 0, 1]

["N:", 9, " spsaiter:", 3][823.8000000000001, 2471.4, 1060.3, 4942.8, 2120.6, 10, 10]

["N:", 9, " spsaiter:", 5][502.8, 2514.0, 1088.4, 5028.0, 2176.8, 20, 20]

["N:", 9, " spsaiter:", 7][361.59999999999997, 2531.2, 837.2, 5062.4, 1674.4, 20, 20]

["N:", 9, " spsaiter:", 9][352.79999999999995, 3175.2, 1059.3, 6350.4, 2118.6, 20, 20]

["N:", 9, " spsaiter:", 11][276.1454545454545, 3037.6, 764.7, 6075.2, 1529.4, 20, 20]

["N:", 9, " spsaiter:", 13][250.15384615384616, 3252.0, 1068.9, 6504.0, 2137.8, 20, 20]

["N:", 9, " spsaiter:", 15][217.6, 3264.0, 655.9, 6528.0, 1311.8, 20, 20]

["N:", 9, " spsaiter:", 17][199.35294117647058, 3389.0, 782.2, 6778.0, 1564.4, 20, 20]

Lowest Budget: [9, 5, 502.8, 2514.0, 1088.4, 5028.0, 2176.8, 20, 20]

Python: [[9, 1, 0.0, 0.0, 0.0, 0.0, 0.0, 0, 1], [9, 3, 823.8000000000001, 2471.4, 1060.3, 4942.8, 2120.6, 10, 10], [9, 5, 502.8, 2514.0, 1088.4, 5028.0, 2176.8, 20, 20], [9, 7, 361.59999999999997, 2531.2, 837.2, 5062.4, 1674.4, 20, 20], [9, 9, 352.79999999999995, 3175.2, 1059.3, 6350.4, 2118.6, 20, 20], [9, 11, 276.1454545454545, 3037.6, 764.7, 6075.2, 1529.4, 20, 20], [9, 13, 250.15384615384616, 3252.0, 1068.9, 6504.0, 2137.8, 20, 20], [9, 15, 217.6, 3264.0, 655.9, 6528.0, 1311.8, 20, 20], [9, 17, 199.35294117647058, 3389.0, 782.2, 6778.0, 1564.4, 20, 20]]

Iteration list: [[1500, 1500, 1500, 1500, 1500, 1500, 1500, 1500, 1500, 1500, 1500, 1500, 1500, 1500, 1500, 1500, 1500, 1500, 1500, 1500], [1500, 924, 1500, 496, 555, 1500, 1500, 1124, 498, 1500, 1500, 1283, 1500, 1500, 1500, 639, 397, 1500, 1484, 838], [1276, 549, 533, 426, 460, 295, 395, 675, 462, 458, 605, 380, 465, 466, 777, 230, 333, 358, 554, 359], [561, 267, 326, 663, 214, 323, 477, 207, 360, 382, 244, 273, 525, 386, 318, 429, 289, 440, 307, 241], [348, 391, 374, 451, 217, 308, 247, 246, 265, 489, 201, 387, 368, 479, 706, 365, 251, 270, 429, 264], [229, 140, 202, 333, 306, 450, 176, 327, 295, 240, 264, 370, 318, 239, 201, 312, 314, 246, 267, 294], [287, 261, 303, 247, 260, 184, 544, 210, 286, 162, 220, 213, 163, 203, 347, 250, 247, 185, 190, 241], [146, 251, 214, 230, 196, 129, 167, 215, 208, 187, 289, 188, 281, 272, 255, 236, 191, 189, 231, 277], [168, 295, 164, 179, 214, 169, 249, 205, 251, 157, 155, 255, 164, 266, 139, 215, 219, 229, 170, 124]]