["N:", 8, " spsaiter:", 1][0.0, 0.0, 0.0, 0.0, 0.0, 0, 1]

["N:", 8, " spsaiter:", 3][519.4666666666667, 1558.4, 390.9, 3116.8, 781.8, 20, 20]

["N:", 8, " spsaiter:", 5][426.43999999999994, 2132.2, 937.8, 4264.4, 1875.6, 20, 20]

["N:", 8, " spsaiter:", 7][299.9428571428571, 2099.6, 571.9, 4199.2, 1143.8, 20, 20]

["N:", 8, " spsaiter:", 9][261.44444444444446, 2353.0, 781.4, 4706.0, 1562.8, 20, 20]

["N:", 8, " spsaiter:", 11][247.34545454545457, 2720.8, 897.7, 5441.6, 1795.4, 20, 20]

["N:", 8, " spsaiter:", 13][198.35384615384615, 2578.6, 799.2, 5157.2, 1598.4, 20, 20]

["N:", 8, " spsaiter:", 15][205.5, 3082.5, 706.4, 6165.0, 1412.8, 20, 20]

["N:", 8, " spsaiter:", 17][199.79999999999998, 3396.6, 905.6, 6793.2, 1811.2, 20, 20]

Lowest Budget: [8, 3, 519.4666666666667, 1558.4, 390.9, 3116.8, 781.8, 20, 20]

Python: [[8, 1, 0.0, 0.0, 0.0, 0.0, 0.0, 0, 1], [8, 3, 519.4666666666667, 1558.4, 390.9, 3116.8, 781.8, 20, 20], [8, 5, 426.43999999999994, 2132.2, 937.8, 4264.4, 1875.6, 20, 20], [8, 7, 299.9428571428571, 2099.6, 571.9, 4199.2, 1143.8, 20, 20], [8, 9, 261.44444444444446, 2353.0, 781.4, 4706.0, 1562.8, 20, 20], [8, 11, 247.34545454545457, 2720.8, 897.7, 5441.6, 1795.4, 20, 20], [8, 13, 198.35384615384615, 2578.6, 799.2, 5157.2, 1598.4, 20, 20], [8, 15, 205.5, 3082.5, 706.4, 6165.0, 1412.8, 20, 20], [8, 17, 199.79999999999998, 3396.6, 905.6, 6793.2, 1811.2, 20, 20]]

Iteration list: [[1500, 1500, 1500, 1500, 1500, 1500, 1500, 1500, 1500, 1500, 1500, 1500, 1500, 1500, 1500, 1500, 1500, 1500, 1500, 1500], [807, 407, 618, 417, 725, 538, 590, 603, 502, 591, 389, 535, 729, 405, 466, 458, 506, 442, 278, 383], [451, 287, 493, 358, 162, 431, 851, 484, 420, 995, 260, 501, 284, 356, 355, 466, 347, 330, 300, 398], [300, 161, 242, 307, 280, 519, 199, 297, 349, 343, 193, 368, 429, 261, 279, 305, 300, 273, 376, 218], [317, 166, 230, 258, 152, 174, 262, 208, 421, 221, 366, 332, 252, 309, 214, 170, 408, 113, 386, 270], [308, 176, 292, 175, 212, 252, 190, 182, 325, 408, 176, 442, 176, 155, 231, 337, 214, 182, 202, 312], [160, 183, 151, 89, 329, 196, 144, 261, 177, 224, 196, 172, 225, 346, 265, 184, 126, 197, 167, 175], [170, 324, 138, 220, 186, 172, 238, 245, 193, 172, 223, 268, 179, 279, 168, 214, 187, 231, 163, 140], [212, 124, 285, 196, 136, 213, 191, 188, 258, 182, 127, 143, 222, 304, 191, 216, 127, 296, 176, 209]]