["N:", 7, " spsaiter:", 1][828.9, 828.9, 261.3, 1657.8, 522.6, 7, 7]

["N:", 7, " spsaiter:", 3][418.40000000000003, 1255.2, 877.0, 2510.4, 1754.0, 20, 20]

["N:", 7, " spsaiter:", 5][267.24, 1336.2, 400.5, 2672.4, 801.0, 20, 20]

["N:", 7, " spsaiter:", 7][240.9, 1686.3, 568.3, 3372.6, 1136.6, 20, 20]

["N:", 7, " spsaiter:", 9][201.04444444444445, 1809.4, 678.5, 3618.8, 1357.0, 20, 20]

["N:", 7, " spsaiter:", 11][177.65454545454546, 1954.2, 746.3, 3908.4, 1492.6, 20, 20]

["N:", 7, " spsaiter:", 13][167.2, 2173.6, 593.2, 4347.2, 1186.4, 20, 20]

["N:", 7, " spsaiter:", 15][154.54666666666665, 2318.2, 567.9, 4636.4, 1135.8, 20, 20]

["N:", 7, " spsaiter:", 17][147.70000000000002, 2510.9, 778.0, 5021.8, 1556.0, 20, 20]

Lowest Budget: [7, 3, 418.40000000000003, 1255.2, 877.0, 2510.4, 1754.0, 20, 20]

Python: [[7, 1, 828.9, 828.9, 261.3, 1657.8, 522.6, 7, 7], [7, 3, 418.40000000000003, 1255.2, 877.0, 2510.4, 1754.0, 20, 20], [7, 5, 267.24, 1336.2, 400.5, 2672.4, 801.0, 20, 20], [7, 7, 240.9, 1686.3, 568.3, 3372.6, 1136.6, 20, 20], [7, 9, 201.04444444444445, 1809.4, 678.5, 3618.8, 1357.0, 20, 20], [7, 11, 177.65454545454546, 1954.2, 746.3, 3908.4, 1492.6, 20, 20], [7, 13, 167.2, 2173.6, 593.2, 4347.2, 1186.4, 20, 20], [7, 15, 154.54666666666665, 2318.2, 567.9, 4636.4, 1135.8, 20, 20], [7, 17, 147.70000000000002, 2510.9, 778.0, 5021.8, 1556.0, 20, 20]]

Iteration list: [[1500, 741, 1500, 1045, 1500, 1146, 1500, 1500, 1500, 1500, 727, 495, 1500, 507, 1500, 1500, 1500, 1500, 1500, 1141], [256, 467, 360, 1267, 255, 272, 310, 341, 249, 1090, 189, 180, 353, 372, 234, 190, 323, 378, 418, 864], [147, 199, 273, 236, 298, 314, 366, 215, 204, 159, 389, 286, 183, 408, 252, 284, 157, 270, 414, 291], [189, 407, 214, 271, 157, 134, 278, 214, 291, 239, 331, 172, 157, 174, 406, 217, 300, 167, 162, 338], [151, 83, 335, 197, 195, 205, 309, 122, 228, 89, 255, 305, 206, 222, 146, 148, 82, 293, 179, 271], [134, 233, 125, 182, 257, 264, 140, 97, 233, 152, 104, 265, 324, 161, 67, 201, 180, 89, 131, 214], [226, 268, 130, 151, 131, 142, 199, 159, 162, 99, 162, 258, 118, 158, 185, 167, 107, 139, 223, 160], [238, 110, 175, 125, 148, 178, 225, 98, 173, 176, 216, 164, 127, 146, 135, 146, 119, 109, 146, 137], [122, 184, 109, 146, 116, 263, 90, 182, 97, 113, 125, 165, 208, 144, 147, 153, 202, 72, 193, 123]]