["N:", 5, " spsaiter:", 1][358.6, 358.6, 254.3, 717.2, 508.6, 20, 20]

["N:", 5, " spsaiter:", 3][185.0, 555.0, 317.5, 1110.0, 635.0, 20, 20]

["N:", 5, " spsaiter:", 5][140.1, 700.5, 257.8, 1401.0, 515.6, 20, 20]

["N:", 5, " spsaiter:", 7][140.14285714285714, 981.0, 260.1, 1962.0, 520.2, 20, 20]

["N:", 5, " spsaiter:", 9][154.5, 1390.5, 653.6, 2781.0, 1307.2, 20, 20]

["N:", 5, " spsaiter:", 11][101.94545454545455, 1121.4, 323.0, 2242.8, 646.0, 20, 20]

["N:", 5, " spsaiter:", 13][124.0, 1612.0, 577.0, 3224.0, 1154.0, 20, 20]

["N:", 5, " spsaiter:", 15][157.45333333333335, 2361.8, 1367.5, 4723.6, 2735.0, 20, 20]

["N:", 5, " spsaiter:", 17][106.3529411764706, 1808.0, 651.0, 3616.0, 1302.0, 20, 20]

Lowest Budget: [5, 1, 358.6, 358.6, 254.3, 717.2, 508.6, 20, 20]

Python: [[5, 1, 358.6, 358.6, 254.3, 717.2, 508.6, 20, 20], [5, 3, 185.0, 555.0, 317.5, 1110.0, 635.0, 20, 20], [5, 5, 140.1, 700.5, 257.8, 1401.0, 515.6, 20, 20], [5, 7, 140.14285714285714, 981.0, 260.1, 1962.0, 520.2, 20, 20], [5, 9, 154.5, 1390.5, 653.6, 2781.0, 1307.2, 20, 20], [5, 11, 101.94545454545455, 1121.4, 323.0, 2242.8, 646.0, 20, 20], [5, 13, 124.0, 1612.0, 577.0, 3224.0, 1154.0, 20, 20], [5, 15, 157.45333333333335, 2361.8, 1367.5, 4723.6, 2735.0, 20, 20], [5, 17, 106.3529411764706, 1808.0, 651.0, 3616.0, 1302.0, 20, 20]]

Iteration list: [[247, 238, 789, 83, 470, 558, 174, 247, 145, 1014, 320, 159, 129, 554, 108, 762, 202, 183, 307, 482], [63, 422, 172, 89, 110, 279, 144, 79, 242, 67, 254, 172, 195, 137, 398, 84, 263, 153, 68, 309], [136, 58, 169, 94, 197, 145, 97, 83, 82, 178, 162, 181, 149, 284, 192, 82, 125, 111, 129, 148], [139, 211, 138, 157, 104, 70, 148, 90, 107, 126, 205, 193, 150, 91, 175, 119, 133, 171, 141, 135], [91, 237, 70, 112, 196, 92, 130, 85, 63, 90, 112, 219, 268, 238, 194, 117, 84, 313, 209, 170], [75, 87, 91, 74, 98, 147, 142, 92, 169, 152, 95, 88, 68, 109, 67, 102, 72, 125, 107, 79], [111, 109, 95, 104, 91, 104, 88, 87, 151, 106, 131, 214, 76, 82, 86, 226, 169, 113, 203, 134], [113, 216, 197, 140, 93, 101, 85, 125, 106, 118, 112, 139, 134, 118, 143, 78, 283, 346, 426, 76], [91, 154, 167, 180, 115, 112, 94, 68, 119, 51, 83, 71, 123, 104, 68, 166, 82, 147, 57, 75]]