["N:", 6, " nbatch:", 2][219.25, 438.5, 139.2, 15786.0, 5011.2, 20, 20]

["N:", 6, " nbatch:", 3][172.9, 518.7, 144.4, 18673.2, 5198.4, 20, 20]

["N:", 6, " nbatch:", 4][163.45, 653.8, 353.5, 23536.8, 12726.0, 20, 20]

["N:", 6, " nbatch:", 5][115.96, 579.8, 235.5, 20872.8, 8478.0, 20, 20]

["N:", 6, " nbatch:", 6][129.5, 777.0, 336.9, 27972.0, 12128.4, 20, 20]

["N:", 6, " nbatch:", 7][131.1, 917.7, 304.2, 33037.2, 10951.2, 20, 20]

["N:", 6, " nbatch:", 8][112.2, 897.6, 491.2, 32313.6, 17683.2, 20, 20]

["N:", 6, " nbatch:", 9][97.15555555555555, 874.4, 356.5, 31478.4, 12834.0, 20, 20]

["N:", 6, " nbatch:", 10][115.5, 1155.0, 448.5, 41580.0, 16146.0, 20, 20]

Lowest Budget: [6, 2, 219.25, 438.5, 139.2, 15786.0, 5011.2, 20, 20]

Python: [[6, 2, 219.25, 438.5, 139.2, 15786.0, 5011.2, 20, 20], [6, 3, 172.9, 518.7, 144.4, 18673.2, 5198.4, 20, 20], [6, 4, 163.45, 653.8, 353.5, 23536.8, 12726.0, 20, 20], [6, 5, 115.96, 579.8, 235.5, 20872.8, 8478.0, 20, 20], [6, 6, 129.5, 777.0, 336.9, 27972.0, 12128.4, 20, 20], [6, 7, 131.1, 917.7, 304.2, 33037.2, 10951.2, 20, 20], [6, 8, 112.2, 897.6, 491.2, 32313.6, 17683.2, 20, 20], [6, 9, 97.15555555555555, 874.4, 356.5, 31478.4, 12834.0, 20, 20], [6, 10, 115.5, 1155.0, 448.5, 41580.0, 16146.0, 20, 20]]

Iteration list: [[251, 192, 220, 158, 307, 130, 248, 202, 226, 259, 116, 269, 127, 176, 214, 236, 231, 139, 421, 263], [174, 176, 175, 146, 197, 125, 72, 225, 216, 128, 138, 225, 209, 124, 205, 235, 196, 235, 179, 78], [478, 110, 130, 143, 184, 81, 90, 106, 214, 217, 135, 76, 223, 103, 188, 195, 115, 99, 247, 135], [117, 80, 67, 246, 99, 81, 52, 177, 143, 102, 87, 152, 144, 78, 151, 62, 90, 97, 115, 179], [128, 90, 75, 195, 69, 130, 142, 41, 138, 124, 55, 107, 108, 207, 146, 206, 273, 143, 138, 75], [88, 166, 118, 149, 83, 218, 74, 110, 239, 147, 115, 107, 154, 132, 115, 120, 73, 186, 111, 117], [86, 129, 126, 78, 321, 117, 125, 53, 77, 54, 183, 96, 106, 98, 40, 200, 83, 99, 100, 73], [87, 72, 106, 217, 102, 81, 40, 161, 107, 77, 99, 94, 150, 83, 47, 106, 53, 86, 77, 98], [101, 87, 156, 42, 94, 155, 97, 90, 53, 216, 170, 88, 132, 91, 98, 177, 80, 109, 91, 183]]