["N:", 7, " nbatch:", 2][236.6, 473.2, 156.7, 23186.8, 7678.3, 20, 20]

["N:", 7, " nbatch:", 3][185.0666666666667, 555.2, 218.5, 27204.8, 10706.5, 20, 20]

["N:", 7, " nbatch:", 4][171.8, 687.2, 274.7, 33672.8, 13460.3, 20, 20]

["N:", 7, " nbatch:", 5][131.84, 659.2, 224.3, 32300.8, 10990.7, 20, 20]

["N:", 7, " nbatch:", 6][114.5, 687.0, 195.4, 33663.0, 9574.6, 20, 20]

["N:", 7, " nbatch:", 7][120.45714285714287, 843.2, 189.9, 41316.8, 9305.1, 20, 20]

["N:", 7, " nbatch:", 8][128.05, 1024.4, 351.0, 50195.6, 17199.0, 20, 20]

["N:", 7, " nbatch:", 9][114.84444444444443, 1033.6, 362.2, 50646.4, 17747.8, 20, 20]

["N:", 7, " nbatch:", 10][88.45, 884.5, 269.9, 43340.5, 13225.1, 20, 20]

Lowest Budget: [7, 2, 236.6, 473.2, 156.7, 23186.8, 7678.3, 20, 20]

Python: [[7, 2, 236.6, 473.2, 156.7, 23186.8, 7678.3, 20, 20], [7, 3, 185.0666666666667, 555.2, 218.5, 27204.8, 10706.5, 20, 20], [7, 4, 171.8, 687.2, 274.7, 33672.8, 13460.3, 20, 20], [7, 5, 131.84, 659.2, 224.3, 32300.8, 10990.7, 20, 20], [7, 6, 114.5, 687.0, 195.4, 33663.0, 9574.6, 20, 20], [7, 7, 120.45714285714287, 843.2, 189.9, 41316.8, 9305.1, 20, 20], [7, 8, 128.05, 1024.4, 351.0, 50195.6, 17199.0, 20, 20], [7, 9, 114.84444444444443, 1033.6, 362.2, 50646.4, 17747.8, 20, 20], [7, 10, 88.45, 884.5, 269.9, 43340.5, 13225.1, 20, 20]]

Iteration list: [[318, 183, 307, 198, 282, 304, 103, 180, 225, 187, 446, 247, 181, 184, 316, 291, 189, 267, 122, 202], [125, 209, 195, 129, 358, 99, 227, 121, 100, 138, 131, 241, 130, 138, 121, 185, 267, 223, 239, 325], [129, 184, 146, 368, 139, 117, 95, 115, 103, 147, 277, 139, 188, 269, 225, 179, 99, 201, 117, 199], [71, 107, 173, 130, 145, 97, 184, 207, 83, 153, 94, 87, 78, 104, 200, 167, 107, 123, 109, 218], [166, 105, 99, 107, 123, 73, 135, 94, 116, 105, 93, 99, 171, 113, 51, 129, 121, 161, 64, 165], [106, 152, 108, 148, 90, 119, 119, 149, 115, 97, 99, 97, 133, 141, 66, 153, 94, 149, 173, 101], [135, 131, 187, 86, 90, 198, 81, 88, 112, 225, 73, 138, 114, 190, 92, 164, 86, 158, 110, 103], [69, 113, 71, 150, 86, 89, 167, 100, 82, 154, 206, 118, 65, 78, 104, 161, 153, 76, 93, 162], [85, 96, 49, 115, 51, 56, 83, 127, 53, 90, 138, 103, 102, 117, 101, 83, 44, 97, 113, 66]]