["N:", 10, " nbatch:", 2][295.1, 590.2, 136.5, 53118.0, 12285.0, 20, 20]

["N:", 10, " nbatch:", 3][255.9, 767.7, 276.4, 69093.0, 24876.0, 20, 20]

["N:", 10, " nbatch:", 4][178.1, 712.4, 169.1, 64116.0, 15219.0, 20, 20]

["N:", 10, " nbatch:", 5][184.04000000000002, 920.2, 179.9, 82818.0, 16191.0, 20, 20]

["N:", 10, " nbatch:", 6][183.9, 1103.4, 279.5, 99306.0, 25155.0, 20, 20]

["N:", 10, " nbatch:", 7][158.0, 1106.0, 230.1, 99540.0, 20709.0, 20, 20]

["N:", 10, " nbatch:", 8][156.95, 1255.6, 353.2, 113004.0, 31788.0, 20, 20]

["N:", 10, " nbatch:", 9][162.84444444444443, 1465.6, 347.9, 131904.0, 31311.0, 20, 20]

["N:", 10, " nbatch:", 10][141.65, 1416.5, 246.4, 127485.0, 22176.0, 20, 20]

Lowest Budget: [10, 2, 295.1, 590.2, 136.5, 53118.0, 12285.0, 20, 20]

Python: [[10, 2, 295.1, 590.2, 136.5, 53118.0, 12285.0, 20, 20], [10, 3, 255.9, 767.7, 276.4, 69093.0, 24876.0, 20, 20], [10, 4, 178.1, 712.4, 169.1, 64116.0, 15219.0, 20, 20], [10, 5, 184.04000000000002, 920.2, 179.9, 82818.0, 16191.0, 20, 20], [10, 6, 183.9, 1103.4, 279.5, 99306.0, 25155.0, 20, 20], [10, 7, 158.0, 1106.0, 230.1, 99540.0, 20709.0, 20, 20], [10, 8, 156.95, 1255.6, 353.2, 113004.0, 31788.0, 20, 20], [10, 9, 162.84444444444443, 1465.6, 347.9, 131904.0, 31311.0, 20, 20], [10, 10, 141.65, 1416.5, 246.4, 127485.0, 22176.0, 20, 20]]

Iteration list: [[226, 274, 274, 281, 247, 297, 425, 205, 321, 217, 264, 457, 418, 346, 307, 240, 291, 266, 232, 314], [163, 184, 433, 208, 283, 142, 385, 157, 196, 258, 429, 276, 237, 159, 371, 342, 195, 170, 322, 208], [158, 211, 131, 199, 195, 117, 124, 248, 198, 179, 149, 229, 179, 128, 142, 219, 239, 236, 157, 124], [187, 276, 180, 227, 178, 140, 128, 206, 156, 169, 139, 134, 165, 183, 201, 226, 166, 197, 212, 211], [227, 127, 97, 221, 183, 279, 190, 187, 183, 254, 136, 118, 236, 137, 166, 144, 172, 212, 197, 212], [202, 208, 154, 196, 148, 97, 125, 164, 138, 158, 147, 155, 226, 122, 180, 118, 190, 124, 158, 150], [70, 117, 120, 165, 104, 237, 210, 132, 140, 181, 148, 203, 178, 128, 98, 215, 146, 197, 142, 208], [165, 106, 229, 155, 113, 132, 121, 156, 147, 205, 143, 107, 126, 207, 164, 196, 156, 226, 204, 199], [167, 126, 179, 160, 138, 135, 128, 121, 134, 162, 142, 105, 150, 180, 106, 179, 163, 120, 98, 140]]