["N:", 8, " nbatch:", 2][339.7, 679.4, 260.8, 38046.4, 14604.8, 20, 20]

["N:", 8, " nbatch:", 3][272.56666666666666, 817.7, 455.4, 45791.2, 25502.4, 19, 19]

["N:", 8, " nbatch:", 4][277.05, 1108.2, 334.5, 62059.2, 18732.0, 20, 20]

["N:", 8, " nbatch:", 5][252.04000000000002, 1260.2, 611.6, 70571.2, 34249.6, 20, 20]

["N:", 8, " nbatch:", 6][236.20000000000002, 1417.2, 721.0, 79363.2, 40376.0, 20, 20]

["N:", 8, " nbatch:", 7][204.74285714285716, 1433.2, 727.3, 80259.2, 40728.8, 20, 20]

["N:", 8, " nbatch:", 8][216.65, 1733.2, 905.9, 97059.2, 50730.4, 20, 20]

["N:", 8, " nbatch:", 9][173.5, 1561.5, 939.0, 87444.0, 52584.0, 20, 20]

["N:", 8, " nbatch:", 10][189.6, 1896.0, 740.4, 106176.0, 41462.4, 20, 20]

Lowest Budget: [8, 2, 339.7, 679.4, 260.8, 38046.4, 14604.8, 20, 20]

Python: [[8, 2, 339.7, 679.4, 260.8, 38046.4, 14604.8, 20, 20], [8, 3, 272.56666666666666, 817.7, 455.4, 45791.2, 25502.4, 19, 19], [8, 4, 277.05, 1108.2, 334.5, 62059.2, 18732.0, 20, 20], [8, 5, 252.04000000000002, 1260.2, 611.6, 70571.2, 34249.6, 20, 20], [8, 6, 236.20000000000002, 1417.2, 721.0, 79363.2, 40376.0, 20, 20], [8, 7, 204.74285714285716, 1433.2, 727.3, 80259.2, 40728.8, 20, 20], [8, 8, 216.65, 1733.2, 905.9, 97059.2, 50730.4, 20, 20], [8, 9, 173.5, 1561.5, 939.0, 87444.0, 52584.0, 20, 20], [8, 10, 189.6, 1896.0, 740.4, 106176.0, 41462.4, 20, 20]]

Iteration list: [[549, 491, 380, 261, 256, 453, 224, 247, 243, 682, 243, 229, 222, 436, 455, 383, 170, 296, 264, 310], [204, 170, 761, 293, 298, 141, 319, 260, 1000, 167, 458, 198, 194, 413, 260, 432, 130, 194, 165, 122], [321, 377, 322, 308, 361, 132, 176, 231, 285, 286, 353, 362, 309, 217, 213, 140, 149, 327, 241, 431], [334, 214, 478, 481, 152, 164, 211, 181, 199, 195, 147, 185, 294, 182, 272, 533, 229, 371, 120, 99], [168, 255, 86, 110, 229, 561, 191, 223, 186, 370, 321, 216, 340, 177, 100, 127, 444, 179, 126, 315], [342, 262, 66, 129, 559, 142, 180, 197, 139, 184, 142, 199, 116, 243, 250, 156, 261, 133, 260, 135], [100, 381, 119, 532, 114, 189, 236, 175, 201, 420, 137, 211, 171, 90, 123, 229, 244, 328, 178, 155], [138, 151, 127, 270, 139, 543, 169, 88, 142, 158, 87, 267, 153, 76, 101, 145, 130, 128, 140, 318], [168, 252, 121, 99, 153, 150, 140, 300, 129, 261, 168, 136, 155, 364, 135, 279, 311, 140, 195, 136]]