["N:", 4, " nbatch:", 2][138.5, 277.0, 184.8, 5540.0, 3696.0, 20, 20]

["N:", 4, " nbatch:", 3][93.7, 281.1, 132.6, 5622.0, 2652.0, 20, 20]

["N:", 4, " nbatch:", 4][77.35, 309.4, 166.1, 6188.0, 3322.0, 20, 20]

["N:", 4, " nbatch:", 5][77.1, 385.5, 234.3, 7710.0, 4686.0, 20, 20]

["N:", 4, " nbatch:", 6][59.26666666666667, 355.6, 160.3, 7112.0, 3206.0, 19, 19]

["N:", 4, " nbatch:", 7][67.1, 469.7, 241.8, 9394.0, 4836.0, 20, 20]

["N:", 4, " nbatch:", 8][54.85, 438.8, 189.3, 8776.0, 3786.0, 20, 20]

["N:", 4, " nbatch:", 9][68.24444444444445, 614.2, 413.1, 12284.0, 8262.0, 20, 20]

["N:", 4, " nbatch:", 10][59.75, 597.5, 290.8, 11950.0, 5816.0, 20, 20]

Lowest Budget: [4, 2, 138.5, 277.0, 184.8, 5540.0, 3696.0, 20, 20]

Python: [[4, 2, 138.5, 277.0, 184.8, 5540.0, 3696.0, 20, 20], [4, 3, 93.7, 281.1, 132.6, 5622.0, 2652.0, 20, 20], [4, 4, 77.35, 309.4, 166.1, 6188.0, 3322.0, 20, 20], [4, 5, 77.1, 385.5, 234.3, 7710.0, 4686.0, 20, 20], [4, 6, 59.26666666666667, 355.6, 160.3, 7112.0, 3206.0, 19, 19], [4, 7, 67.1, 469.7, 241.8, 9394.0, 4836.0, 20, 20], [4, 8, 54.85, 438.8, 189.3, 8776.0, 3786.0, 20, 20], [4, 9, 68.24444444444445, 614.2, 413.1, 12284.0, 8262.0, 20, 20], [4, 10, 59.75, 597.5, 290.8, 11950.0, 5816.0, 20, 20]]

Iteration list: [[101, 145, 63, 72, 81, 169, 441, 81, 317, 61, 51, 74, 179, 120, 110, 169, 84, 108, 154, 190], [124, 48, 71, 216, 84, 185, 64, 100, 52, 113, 89, 48, 49, 115, 120, 122, 83, 71, 70, 50], [58, 42, 102, 80, 56, 92, 66, 85, 49, 75, 43, 46, 74, 60, 225, 59, 113, 54, 39, 129], [36, 57, 174, 62, 84, 61, 83, 29, 47, 61, 75, 91, 78, 67, 46, 88, 49, 71, 236, 47], [41, 66, 71, 52, 48, 40, 57, 39, 119, 64, 63, 1000, 25, 27, 61, 38, 76, 117, 28, 94], [75, 58, 62, 60, 37, 44, 47, 177, 36, 72, 34, 54, 96, 46, 56, 112, 25, 114, 63, 74], [37, 61, 27, 41, 103, 41, 41, 37, 69, 43, 102, 53, 57, 79, 37, 95, 74, 34, 31, 35], [200, 68, 40, 61, 47, 57, 63, 42, 65, 172, 58, 46, 67, 34, 37, 145, 41, 30, 49, 43], [49, 157, 35, 29, 59, 48, 49, 50, 50, 46, 60, 80, 90, 34, 86, 53, 24, 81, 39, 76]]