["N:", 5, " nbatch:", 2][218.25, 436.5, 324.5, 10912.5, 8112.5, 20, 20]

["N:", 5, " nbatch:", 3][172.70000000000002, 518.1, 360.3, 12952.5, 9007.5, 20, 20]

["N:", 5, " nbatch:", 4][174.6, 698.4, 312.0, 17460.0, 7800.0, 20, 20]

["N:", 5, " nbatch:", 5][165.64000000000001, 828.2, 376.5, 20705.0, 9412.5, 20, 20]

["N:", 5, " nbatch:", 6][164.9, 989.4, 572.9, 24735.0, 14322.5, 20, 20]

["N:", 5, " nbatch:", 7][136.68571428571428, 956.8, 507.5, 23920.0, 12687.5, 19, 19]

["N:", 5, " nbatch:", 8][133.3125, 1066.5, 933.5, 26662.5, 23337.5, 19, 19]

["N:", 5, " nbatch:", 9][200.39999999999998, 1803.6, 1847.5, 45090.0, 46187.5, 20, 20]

["N:", 5, " nbatch:", 10][141.4, 1414.0, 989.6, 35350.0, 24740.0, 20, 20]

Lowest Budget: [5, 2, 218.25, 436.5, 324.5, 10912.5, 8112.5, 20, 20]

Python: [[5, 2, 218.25, 436.5, 324.5, 10912.5, 8112.5, 20, 20], [5, 3, 172.70000000000002, 518.1, 360.3, 12952.5, 9007.5, 20, 20], [5, 4, 174.6, 698.4, 312.0, 17460.0, 7800.0, 20, 20], [5, 5, 165.64000000000001, 828.2, 376.5, 20705.0, 9412.5, 20, 20], [5, 6, 164.9, 989.4, 572.9, 24735.0, 14322.5, 20, 20], [5, 7, 136.68571428571428, 956.8, 507.5, 23920.0, 12687.5, 19, 19], [5, 8, 133.3125, 1066.5, 933.5, 26662.5, 23337.5, 19, 19], [5, 9, 200.39999999999998, 1803.6, 1847.5, 45090.0, 46187.5, 20, 20], [5, 10, 141.4, 1414.0, 989.6, 35350.0, 24740.0, 20, 20]]

Iteration list: [[72, 148, 97, 85, 79, 254, 97, 245, 630, 240, 277, 95, 125, 128, 246, 140, 609, 444, 255, 99], [181, 122, 283, 103, 45, 284, 107, 76, 479, 76, 258, 100, 93, 188, 72, 457, 106, 203, 119, 102], [102, 157, 373, 249, 201, 191, 234, 103, 131, 49, 132, 121, 184, 130, 249, 91, 289, 165, 95, 246], [96, 187, 61, 151, 157, 424, 142, 134, 228, 215, 60, 141, 210, 178, 209, 141, 132, 199, 132, 116], [90, 437, 73, 64, 231, 94, 153, 79, 122, 262, 208, 96, 263, 139, 278, 140, 41, 196, 98, 234], [60, 104, 1000, 162, 91, 152, 66, 125, 127, 228, 56, 204, 140, 172, 147, 66, 102, 356, 52, 187], [75, 265, 1000, 35, 62, 59, 66, 93, 118, 62, 148, 538, 178, 202, 258, 60, 122, 69, 64, 59], [160, 179, 109, 56, 158, 706, 137, 77, 121, 50, 154, 109, 824, 415, 91, 100, 41, 174, 247, 100], [155, 66, 50, 94, 205, 90, 44, 66, 91, 129, 126, 99, 77, 376, 105, 105, 97, 151, 374, 328]]