["N:", 9, " nbatch:", 2][315.75, 631.5, 222.2, 45468.0, 15998.4, 20, 20]

["N:", 9, " nbatch:", 3][261.26666666666665, 783.8, 306.5, 56433.6, 22068.0, 20, 20]

["N:", 9, " nbatch:", 4][230.65, 922.6, 297.1, 66427.2, 21391.2, 20, 20]

["N:", 9, " nbatch:", 5][188.6, 943.0, 245.8, 67896.0, 17697.6, 20, 20]

["N:", 9, " nbatch:", 6][183.29999999999998, 1099.8, 431.4, 79185.6, 31060.8, 20, 20]

["N:", 9, " nbatch:", 7][159.29999999999998, 1115.1, 363.2, 80287.2, 26150.4, 20, 20]

["N:", 9, " nbatch:", 8][160.9, 1287.2, 411.2, 92678.4, 29606.4, 20, 20]

["N:", 9, " nbatch:", 9][157.2, 1414.8, 372.6, 101865.6, 26827.2, 20, 20]

["N:", 9, " nbatch:", 10][147.3, 1473.0, 400.6, 106056.0, 28843.2, 20, 20]

Lowest Budget: [9, 2, 315.75, 631.5, 222.2, 45468.0, 15998.4, 20, 20]

Python: [[9, 2, 315.75, 631.5, 222.2, 45468.0, 15998.4, 20, 20], [9, 3, 261.26666666666665, 783.8, 306.5, 56433.6, 22068.0, 20, 20], [9, 4, 230.65, 922.6, 297.1, 66427.2, 21391.2, 20, 20], [9, 5, 188.6, 943.0, 245.8, 67896.0, 17697.6, 20, 20], [9, 6, 183.29999999999998, 1099.8, 431.4, 79185.6, 31060.8, 20, 20], [9, 7, 159.29999999999998, 1115.1, 363.2, 80287.2, 26150.4, 20, 20], [9, 8, 160.9, 1287.2, 411.2, 92678.4, 29606.4, 20, 20], [9, 9, 157.2, 1414.8, 372.6, 101865.6, 26827.2, 20, 20], [9, 10, 147.3, 1473.0, 400.6, 106056.0, 28843.2, 20, 20]]

Iteration list: [[249, 368, 327, 376, 246, 184, 319, 257, 337, 149, 246, 384, 556, 324, 358, 313, 311, 175, 228, 608], [202, 535, 180, 189, 213, 214, 292, 220, 354, 145, 413, 323, 279, 177, 230, 160, 452, 239, 193, 215], [453, 273, 318, 154, 158, 140, 280, 194, 211, 262, 202, 202, 311, 139, 239, 157, 174, 228, 250, 268], [139, 262, 139, 148, 96, 144, 246, 177, 192, 235, 149, 253, 254, 129, 185, 262, 183, 221, 176, 182], [149, 132, 104, 168, 129, 251, 361, 348, 205, 101, 208, 116, 146, 253, 201, 157, 160, 190, 185, 102], [160, 127, 97, 231, 85, 107, 198, 134, 103, 118, 271, 239, 131, 139, 110, 172, 158, 202, 216, 188], [209, 160, 162, 293, 90, 220, 168, 128, 117, 97, 106, 180, 165, 121, 248, 203, 142, 133, 159, 117], [168, 284, 147, 139, 200, 116, 147, 87, 171, 160, 142, 141, 186, 152, 95, 177, 205, 157, 133, 137], [165, 136, 166, 173, 83, 139, 92, 155, 130, 158, 207, 252, 148, 175, 175, 163, 115, 99, 113, 102]]